aquifer<-structure(list(easting = c(42.783, -27.397, -1.163, -18.618,
96.465, 108.562, 88.364, 90.042, 93.173, 97.611, 90.629, 92.553,
99.49, -24.067, -26.063, 56.278, 73.039, 80.267, 80.23, 68.838,
76.399, 64.461, 43.397, 39.078, 112.804, 54.259, 6.132, -3.805,
-2.231, -2.362, -2.189, 63.224, -10.779, -18.989, -38.579, 83.145,
-21.802, -23.565, -20.113, -16.627, 29.907, 100.916, 101.295,
103.266, -14.311, -18.134, -18.122, -9.888, -12.163, 11.658,
61.691, 69.579, 66.722, -36.654, -19.551, -21.298, -22.362, 21.147,
7.685, -8.332, 56.707, 59.001, 68.969, 70.902, 73.002, 59.662,
61.872, 63.708, 5.627, 18.247, 85.688, 105.076, -101.643, -145.237,
-73.993, -94.482, -88.85, -120.259, -86.025, -72.791, -100.174,
-78.835, -83.691, -95.617, -87.555), northing = c(127.623, 90.787,
84.896, 76.452, 64.581, 82.923, 56.453, 39.258, 33.059, 56.279,
35.082, 41.752, 59.158, 184.766, 114.075, 26.848, 18.881, 12.616,
14.618, 107.774, 95.994, 110.396, 53.615, 61.998, 45.548, 147.82,
48.328, 40.404, 29.911, 33.82, 33.682, 79.499, 175.113, 171.917,
158.527, 159.116, 15.026, 9.414, 22.093, 17.256, 175.129, 22.978,
22.964, 20.342, 31.265, 30.181, 29.532, 38.145, 39.111, 18.733,
32.949, 33.808, 33.933, 150.915, 137.784, 131.825, 137.137, 139.262,
126.838, 107.777, 171.264, 164.549, 177.248, 161.381, 162.99,
170.105, 174.302, 173.915, 79.087, 77.392, 139.817, 132.032,
10.651, 28.023, 87.973, 86.626, 76.71, 80.765, 54.363, 43.092,
42.899, 40.821, 46.505, 35.822, 29.393), head = c(1464, 2553,
2158, 2455, 1756, 1702, 1805, 1797, 1714, 1466, 1729, 1638, 1736,
1476, 2200, 1999, 1680, 1806, 1682, 1306, 1722, 1437, 1828, 2118,
1725, 1606, 2648, 2560, 2544, 2386, 2400, 1757, 1402, 1364, 1735,
1376, 2729, 2766, 2736, 2432, 1024, 1611, 1548, 1591, 2540, 2352,
2528, 2575, 2468, 2646, 1739, 1674, 1868, 1865, 1777, 1579, 1771,
1408, 1527, 2003, 1386, 1089, 1384, 1030, 1092, 1161, 1415, 1231,
2300, 2238, 1038, 1332, 3510, 3490, 2594, 2650, 2533, 3571, 2811,
2728, 3136, 2553, 2798, 2691, 2946)), .Names = c("easting", "northing",
"head"), class = "data.frame", row.names = c("1", "2", "3", "4",
"5", "6", "7", "8", "9", "10", "11", "12", "13", "14", "15",
"16", "17", "18", "19", "20", "21", "22", "23", "24", "25", "26",
"27", "28", "29", "30", "31", "32", "33", "34", "35", "36", "37",
"38", "39", "40", "41", "42", "43", "44", "45", "46", "47", "48",
"49", "50", "51", "52", "53", "54", "55", "56", "57", "58", "59",
"60", "61", "62", "63", "64", "65", "66", "67", "68", "69", "70",
"71", "72", "73", "74", "75", "76", "77", "78", "79", "80", "81",
"82", "83", "84", "85"))
